908323401 126717
909452132 127110
909455564 126717
909782370 128068
909814919 125894
909817062 125894
909834746 148031
909835198 148534
909835668 148535
909930754 148586
909943716 148870
909944661 148868
910021114 148868
910041920 150148
910044159 148890
910045029 150148
910046298 150220
910048471 150459
910050317 150493
910050382 150500
910050417 150525
910050610 150525
910117259 150565
910120288 150590
910124217 150613
910126784 151064
910169006 151047
910169452 151066
910172969 151092
910173142 151094
910173692 151092
910188666 151044
910195579 151152
910195981 151159
910205701 151159
910205731 151159
910205965 151810
910206879 151727
910209306 151727
910209455 151732
910249208 152153
910262170 152187
910282160 152196
910301720 152348
910318957 152045
910360898 152052
910361786 152053
910373401 152056
910374331 152087
910374831 151852
910379631 151855
910394811 152129
910404138 152225
910420448 152109
910423514 152114
910450854 152117
910451100 152263
910451413 152186
910451455 152176
910466949 152216
910503064 152216
910503113 152220
910505358 152224
910578008 152228
910607787 152427
910613970 153553
910614350 153556
910620619 153553
910626612 153562
910643629 153564
910643846 153564
910649455 153564
910651699 153568
910689681 153656
910692450 153658
910693996 153649
910694699 153649
910700970 153773
910705266 153773
910706156 155023
910708174 150809
910709287 150811
910710619 150813
910711331 154521
910711707 154528
910744796 154549
910754869 154562
910789794 154633
910791214 154804
910813327 154808
910835529 154808
910864899 154819
910869722 155511
910881523 155544
910887468 154118
910899890 148789
910900508 148807
910970404 149296
910979300 149485
910985771 151046
911014784 150914
911018428 150942
911025284 149049
911025488 142523
911026435 142643
911066406 142633
911144455 142639
911152809 142336
911209312 144452
911214564 144446
911223017 144642
911265557 144707
911266165 144712
911328374 144717
911330473 144724
911401707 144724
911426928 144735
911473321 145463
911475714 145463
911485590 145467
911492391 145469
911500154 145469
911510722 143812
911512328 143812
911557115 144261
911582025 144275
911627913 144373
911630539 144394
911817604 144519
911832501 144265
911833394 144266
911833649 144274
911837797 144274
911837925 144272
911842443 144274
911846975 144277
911903127 144334
911904500 144333
911932270 144338
911932713 144338
911932819 144338
911974531 144348
911975208 144361
911988239 144419
912002270 144419
912014715 144426
912080654 144432
912163398 144556
912164345 144568
912224291 144573
912277201 144561
912422043 144690
912422216 144769
912422270 144777
912428806 144797
912431146 144801
912437386 144806
912437622 144808
912437971 144807
912438230 144810
912441222 144843
912441256 144815
912441795 144828
912449914 144838
912455008 144839
912545490 144843
912615070 144848
912616189 144848
912625759 144847
912636332 144958
912660590 144978
912779905 145074
912785498 145074
912801841 145082
912812007 145097
912980903 145120
913028381 145218
913029142 145218
913036592 145220
913037957 145220
913038608 145221
913039533 145222
913044810 145228
913066840 145112
913081230 145141
913127313 145142
913130134 145137
913160455 145131
913165480 145152
913168748 145166
913168960 145166
913184120 145213
913184799 145213
913200386 145218
913210469 145224
913241158 145241
913245709 145245
913255452 145347
913255551 145349
913257429 145356
913312476 145360
913364535 145367
913364958 145373
913387847 145385
913426391 145452
913512960 145535
913553833 145698
913598000 145728
913669229 145833
913677916 145869
913680163 145873
913732980 145890
913751034 145904
913753819 145912
913754672 145920
913767383 145943
913800984 145945
913805489 145947
913831482 146011
913860272 146051
913936869 146293
914034557 146296
914040096 146297
914166405 146278
914203213 146295
914249472 146294
914291516 147002
914291620 147212
914333835 147215
914338270 147224
914371444 147307
914462889 147419
914730698 147604
914767914 147606
914770168 147720
914801236 147819
914881624 147832
915043923 147863
915094995 147891
915333510 147967
915352737 148138
915391369 148143
915457250 148152
915471581 148157
915532797 148153
915556565 148161
915557247 148205
915558073 148220
915565054 148326
915566040 148565
915567060 147954
915584083 147945
915600104 147998
915617901 148165
915625727 148174
915625760 148174
915687549 148194
915743482 148187
915757634 148205
915764915 148352
915813671 148357
915830591 148572
915833297 148652
915932895 148740
915933441 148747
916001977 149671
916004689 149401
916012006 149419
916012309 149427
916030821 149543
916057486 149546
916098080 149518
916175259 149603
916183657 149594
916274254 149638
916278170 149642
916283535 149622
916289779 149679
916322109 149773
916327932 149773
916363577 149780
916380557 150005
916406467 150006
916446742 150004
916472886 149886
916476022 149896
916477148 149894
916478063 149895
916484047 149884
916506081 149908
916510577 149904
916514164 149907
916615677 149808
916672148 149995
916673453 149995
916712953 150015
916775699 150019
916794281 150021
916804413 150062
916809986 150073
916812441 150073
916813943 150072
916847240 150086
916887058 150086
916970258 150058
917028124 150063
917073034 150091
917154710 150091
917275719 150115
917364002 150134
917404928 150187
917492766 150235
917564377 150281
917601412 150289
917952481 150220
917970125 150284
917970246 150283
917977984 150285
918161168 150327
918272214 150284
918742727 150294
918754677 150300
918772271 150376
918774447 150384
918781756 150398
918790961 150439
919007333 150433
919010758 150435
919012459 150437
919045007 150449
919104147 150464
919111193 150779
919133851 150784
919205692 150793
919209357 150797
919259897 150853
919297654 150880
919349598 151089
919349683 151093
919372435 151098
919380518 151102
919380880 151102
919382253 151072
919386649 151076
919699589 151535
919699616 151877
919701598 151908
919702996 151905
919707168 151924
919775741 151942
919777809 151943
919778330 151982
919778660 151983
919779056 152048
919781876 152076
919782685 152102
919785601 152106
919785943 152101
919786306 152092
919786808 152243
919788480 152283
919798925 152289
919875420 152441
919977997 152444
920039482 152458
920085474 131026
920085863 130292
920087720 130291
920132742 130299
920138386 138981
920139778 138989
920149928 139067
920153530 139076
920163621 140362
920208973 140393
920223481 140432
920223632 140444
920228081 140479
920266568 140484
920282367 140498
920288249 140500
920309138 140485
920311811 140502
920326566 140510
920370050 140510
920383155 140509
920383449 140516
920386138 140516
920387451 132816
920392673 132795
920400519 132818
920402309 132898
920408376 132994
920408442 132994
920410696 132999
920424318 132636
920429255 132635
920497592 132749
920507713 133057
920509056 133054
920510054 133057
920514639 133063
920559375 133068
920559420 133068
920563511 133326
920566739 133319
920567185 133827
920582963 133842
920599555 134007
920638874 134020
920642313 134103
920643641 134119
920657515 133742
920673929 133918
920674266 133923
920675167 134055
920737446 134311
920738805 134317
920748166 134321
920765228 134303
920774433 134646
920817065 134682
920827506 134732
920838796 134739
920909480 134792
920910030 134740
920932225 134745
920940876 134838
920947485 134852
920994646 134847
921004399 134848
921022691 134857
921032111 134931
921032559 134941
921033509 168929
921035328 132615
921035541 132623
921036284 132635
921036888 132634
921036978 132665
921041801 131074
921066757 131074
921072854 131082
921088404 131101
921106020 131136
921107312 133689
921118255 133838
921126479 133870
921126662 133870
921146256 133870
921162405 133870
921166638 133878
921178224 133874
921217452 133879
921224083 133865
921233305 133865
921248187 133879
921253778 133945
921253782 133946
921253846 133957
921260243 133961
921263641 133965
921263821 133970
921284996 133970
921332768 134050
921338194 134061
921346223 133117
921347146 131822
921348391 131828
921354024 131851
921355016 131843
921357974 131871
921365503 131872
921366593 128938
921378492 128941
921424647 128905
921427208 128904
921507029 128909
921514170 128896
921516406 128805
921546131 131035
921554952 131042
921556878 131054
921587136 131103
921600430 131144
921601676 131144
921624515 131153
921630366 131212
921630500 131276
921648117 131281
921649831 131285
921671266 131297
921673247 133349
921673505 133353
921687477 133378
921701968 133454
921702269 133663
921726708 133671
921757678 133708
921771511 133745
921780100 133791
921780175 134295
921793363 134303
921819617 134309
921858024 134419
921889290 134441
921891148 134448
921892908 134557
921960519 135947
921960924 135948
921961865 135961
921969836 135987
921971069 135987
921972844 136070
921993962 136070
922034186 136101
922040504 136513
922051189 136575
922091797 136580
922112756 136587
922112830 136601
922119584 136619
922129315 136651
922142325 136780
922143181 136784
922145771 136792
922148042 136796
922152466 136801
922193105 136788
922195788 136862
922196289 136854
922198013 136798
922206003 136801
922224115 136803
922256515 136848
922276807 136849
922282392 136843
922298728 136848
922311948 136863
922321306 136886
922322727 136876
922379676 136881
922380758 136881
922382524 136883
922442442 136894
922461859 136903
922489443 136950
922491928 136963
922493315 136967
922497534 135976
922498182 136974
922576479 136725
922589081 137136
922648544 137194
922653944 137195
922660470 137274
922662077 137279
922662678 137288
922663935 137292
922677799 137309
922690442 137313
922723538 137312
922744956 137320
922745273 137332
922750455 137334
922784307 137334
922793070 137335
922801094 137347
922815900 137357
922818558 137456
922825753 138211
922836422 138217
922856218 138231
922859236 138388
922879871 138379
922907843 138384
922908098 138388
922909682 138388
922917693 138388
922918310 138429
922924994 138475
922928557 138480
922946342 138485
922954147 138526
922967269 138545
922970075 138544
922981051 138558
922996302 138574
923006092 138684
923006341 138690
923008053 138697
923023518 138701
923045518 138710
923066006 138713
923169661 138451
923170710 138450
923171873 138497
923179996 138537
923212303 138626
923213389 138628
923237959 138793
923245289 139536
923329278 139574
923341348 139578
923346240 139605
923349932 139614
923353987 139619
923354676 139623
923389605 139684
923389785 139686
923425881 139681
923439138 139809
923440187 139811
923452796 139908
923485511 139892
923514663 139990
923572621 139996
923576654 140127
923582069 140096
923588374 140119
923603824 140156
923616358 140510
923630260 140483
923667270 140451
923669063 140451
923686817 141453
923703734 141461
923775946 141464
923784356 141475
923785433 141479
923838909 141453
923860050 141463
923866066 141477
923875717 141535
923928346 141584
923929911 141651
923955588 141672
924004943 141734
924007183 141743
924028482 141748
924061669 141750
924116919 141751
924117942 141785
924123827 141897
924134171 142191
924182714 142221
924247300 142231
924252114 142212
924269012 142310
924269954 142309
924277822 142386
924277931 142387
924278745 142385
924294987 142369
924299351 142413
924305714 142429
924309974 142485
924310795 142487
924353156 142521
924376033 142525
924381675 142539
924386665 142559
924391070 142590
924400073 142996
924464998 143070
924465515 143080
924475437 143120
924477582 143144
924498383 143339
924524157 143321
924527960 143336
924531135 143334
924532543 143349
924535415 143363
924537105 143398
924555745 143405
924559494 143444
924567909 143414
924579646 143419
924583456 143427
924615523 143457
924628479 143454
924649973 143505
924705721 143519
924729201 143680
924730794 143724
924735914 143725
924736757 143761
924825885 143766
924858986 143783
924865942 143789
924888851 143850
924904442 143872
924994217 144118
925013826 144121
925068702 144128
925117178 144276
925117202 144276
925125468 144280
925127906 144372
925135906 144377
925136964 144389
925147708 144566
925216681 144626
925217159 144589
925219147 144594
925219725 144588
925226422 144593
925258458 145009
925263775 145124
925267748 145134
925315950 145118
925316912 145121
925317257 145137
925347063 145154
925379212 145125
925395166 145185
925400376 145196
925405435 145209
925469005 145207
925491531 145306
925491627 145268
925498916 145263
925499099 145263
925499796 145265
925507911 145341
925513386 145342
925539284 145356
925540669 145361
925578307 145383
925578415 145457
925654322 145469
925771738 145602
925780456 145594
925835501 145663
925853282 145695
925855670 146888
925860241 146951
925894107 146952
925909993 146957
925912429 146963
925930683 147070
925942686 147187
925964115 147194
925981413 147194
925983478 147322
925985868 147331
926009356 147331
926025648 147392
926034832 147039
926038572 147070
926047081 147102
926053444 147359
926071470 147447
926072784 147419
926072900 147418
926086013 147419
926093193 147468
926098479 147477
926108300 147534
926125620 147543
926181090 147549
926183951 147566
926280100 147966
926310114 147973
926346235 147976
926352162 147978
926418917 147985
926439942 147984
926442628 147991
926451509 148010
926464707 148090
926467024 148092
926485013 148103
926512967 148102
926518989 148109
926527222 148127
926538204 148127
926538342 148132
926542226 148152
926544514 148160
926598301 148165
926611210 148222
926621407 148228
926632456 148233
926638168 148232
926711258 148333
926733285 148510
926796554 148546
926869740 148650
926930270 148665
926950364 148765
926952997 148770
926960566 148774
926963139 148753
926989227 149043
927026437 149051
927046027 149056
927052195 149096
927057215 149126
927073867 149324
927074049 149323
927074900 149325
927074953 149327
927107083 149338
927117054 149322
927142385 149336
927159574 149398
927227254 149393
927247298 149443
927303323 149439
927303348 149709
927303376 149718
927343596 149930
927356974 150130
927357910 150142
927387924 150332
927402243 150385
927404872 150379
927406622 150379
927412132 150390
927413058 150457
927416333 150454
927438021 150469
927461396 150480
927471734 150487
927474093 150476
927475725 150491
927493106 150694
927538453 150690
927557812 150708
927565828 150730
927580472 150742
927591086 150870
927591463 150876
927593377 151102
927623567 151098
927641698 151107
927656590 151105
927680286 151142
927729726 151163
927730205 151172
927754534 151186
927754834 151194
927763375 151352
927824812 151354
927844132 151386
927848604 151453
927848854 151455
927942572 151482
927944008 151372
928002426 151345
928021576 151407
928022017 151413
928022353 151417
928023048 151417
928107426 151422
928314298 151427
928342633 151496
928413158 151569
928461885 152495
928462038 152497
928595039 152685
928615874 152834
928617006 152836
928623822 152871
928684485 153185
928718759 153316
928749314 153442
928749411 153444
928755446 153441
928780774 153447
928804222 153595
928804265 153677
928835782 153688
928882126 153830
928964154 153849
929019091 153952
929019507 153959
929034834 153942
929130767 153946
929208549 154031
929383221 154079
929392433 154088
929450784 154088
929477393 154118
929495952 154154
929571409 154142
929620698 154146
929622400 154148
929636233 154148
929637340 154158
929660701 154164
929661932 154164
929665518 154180
929712669 154186
929715447 154195
929746970 154222
929748051 154238
929873581 154260
929873634 154265
929912462 154296
929973567 154301
929978812 154303
929987980 154399
930019098 154426
930054124 154436
930073430 154446
930078751 154452
930097255 154490
930099865 154496
930104611 154536
930141689 154595
930145338 154614
930145551 154616
930167177 154683
930176915 154733
930177918 154741
930182526 154842
930216537 154831
930221268 154800
930224607 154781
930225943 154658
930242872 154669
930274456 154726
930313125 154732
930315726 154778
930316069 154787
930330008 154792
930338711 154803
930345317 154819
930357259 154835
930359624 154837
930359906 154842
930369757 154880
930370165 154890
930384066 154885
930402748 155024
930417943 155259
930418385 155269
930440909 155517
930447786 155590
930494817 157674
930506289 160743
930524746 160751
930564305 160734
930565845 160748
930572715 160755
930575236 160756
930578399 160760
930591511 160765
930608367 160791
930660477 160704
930667691 160709
930706215 160740
930738138 160744
930745130 160714
930755647 160713
930786506 160932
930807312 160978
930821831 161002
930822778 161027
930826282 161028
930831061 161018
930882999 159334
930919361 158911
930943867 158921
931036895 159047
931101317 159034
931101362 159095
931103439 159101
931104792 159102
931270364 159106
931357835 159053
931385604 159247
931401069 159322
931438577 159329
931468819 159297
931487105 160769
931489698 160808
931523584 160814
931542260 160931
931573030 160937
931615182 160934
931615381 160946
931627333 160948
931642285 161039
931708167 161106
931903908 161100
931906070 161137
931965027 161139
932144125 161648
932399197 161686
932481141 161749
932484504 161748
932548489 161750
932557067 161786
932557432 161790
932564016 161792
932588677 161816
932645408 161931
932712063 162186
932735944 162267
932744880 162274
933175442 162427
933250166 162867
933513553 163004
933594442 163017
933743487 163039
933827886 163039
933831248 163051
933831350 163053
933831384 163053
933870175 163200
933871288 163404
933912400 163431
933913396 163425
933914767 163427
933915017 163432
933923753 163438
933931592 163410
933947729 163442
934105894 163527
934177403 163587
934177486 163589
934178900 163597
934191477 163597
934218660 163641
934218729 163639
934219343 163640
934220476 163499
934220499 163262
934243066 163268
934268899 163281
934269967 163285
934290476 163317
934299473 163307
934327530 163318
934375457 163322
934382132 163316
934388629 163316
934456039 163328
934463525 163368
934465533 163408
934492171 163606
934492507 163606
934492747 163636
934531984 163636
934532086 163643
934532370 163648
934550672 163673
934590473 163724
934591963 163728
934592133 163729
934640907 163817
934671010 164010
934724919 164322
934762043 164694
934765668 166687
934766376 166678
934794433 166670
934811226 166747
934820696 166765
934849956 167022
934885101 167028
934889158 167028
934919809 166680
934925270 166882
934932210 167099
934932882 167102
934973011 167815
934983145 167168
934983229 167168
935027611 167169
935036406 167812
935071953 167823
935094422 168013
935095581 168060
935096402 167340
935106395 167383
935108119 167386
935187158 167448
935187588 167452
935236085 167524
935247621 167538
935266900 167594
935360771 167600
935409444 167733
935409685 167747
935414517 167759
935440641 167975
935446730 167979
935447243 167981
935484515 168000
935513211 168048
935629802 168220
935662929 168229
935683511 168226
935747394 168236
935756895 168224
935758799 168226
935772664 168436
935772952 168583
935920665 168582
935920765 168589
935928025 168673
935969826 169051
935974633 169066
935975714 169089
936010559 169099
936029756 169101
936059339 169657
936095288 169658
936095752 169663
936105733 169641
936116126 169785
936119989 169815
936120383 169844
936122462 169891
936144038 170034
936182987 170078
936189150 170099
936190609 170108
936190946 170107
936192180 170112
936194790 170116
936195371 170122
936227351 170211
936231427 169832
936235077 169925
936285053 169971
936287990 169993
936293002 169991
936317215 170020
936318273 170024
936376018 170038
936406311 170061
936463983 170093
936465858 170097
936569555 170113
936581618 170361
936611393 170380
936621377 170485
936633975 170559
936699326 170593
936702690 170621
936702814 170636
936733369 170641
936792431 170773
936823019 170778
936838865 170989
936881228 170942
936906610 171078
936962200 171078
937236405 171100
937288168 171107
937304229 171111
937312063 171234
937320830 163821
937321797 164158
937324457 164157
937396018 164160
937412197 164218
937442961 164217
937447409 164379
937448665 164973
937451681 164988
937486164 160350
937492840 160328
937546599 160249
937570850 160249
937571741 160253
937636656 160426
937774711 160564
937776106 160568
937847763 160566
937849915 160585
937877625 160611
937885402 160631
937885765 160645
937945982 160646
937963938 160642
938053557 160781
938053715 160807
938060407 160816
938088560 160827
938116645 160847
938133751 161093
938176021 161116
938185513 161153
938195258 161171
938195340 161173
938270911 161356
938307017 161500
938347911 161554
938347977 161559
938380322 162101
938449746 162107
938456553 162110
938522108 162115
938522472 162233
938523794 167269
938525187 167269
938526192 167357
938536923 167364
938537918 167391
938539803 167344
938545301 167354
938565768 167389
938576129 167516
938604859 167513
938621353 167480
938652218 167854
938694491 167952
938694585 167950
938703696 167956
938704550 167957
938710371 167974
938735841 168134
938744654 168178
938875500 168398
938882338 168397
938924177 168490
938978618 169034
939120164 169114
939211238 169114
939227012 169393
939227585 169717
939297159 169784
939300796 169806
939309701 169854
939374333 169875
939384926 169983
939391900 169986
939610411 170013
939610476 170017
939611056 170035
939639074 170043
939680667 170297
939689549 170338
939730133 170346
939735465 170343
939782214 170351
939806447 170359
939807781 170358
939824413 170358
939826265 170362
939871673 170380
939890161 170456
939891525 170459
939894943 170459
939897442 170466
939951445 170495
939954700 170529
939954877 170542
939961833 170563
939962148 170574
939976377 170582
940004494 170581
940069968 170917
940112089 170933
940167993 170287
940236335 170286
940241889 170987
940246965 171026
940259859 171020
940324227 171025
940335362 170960
940366990 170960
940375304 170959
940415101 170854
940415305 170853
940426314 170846
940428888 170848
940434635 170935
940464067 170943
940497371 170940
940548196 170945
940552301 170967
940585676 171009
940602457 171011
940606420 172930
940756085 172945
940756646 172951
940756714 172955
940811206 172941
940811476 172941
940854939 173001
940855141 173004
940859729 173006
940933840 173051
940951193 173131
940951767 173131
941013075 173132
941315599 173749
941327255 173767
941376674 173771
941418701 173790
941536423 173790
941539056 173790
941610404 174046
941610431 174047
941611707 174053
941636965 174063
941643586 174080
941673041 174087
941693410 174192
941693649 174195
941693769 174196
941694016 174193
941694483 174204
941724607 174191
941733371 174195
942062734 174200
942063360 174203
942162075 174223
942164698 174228
942170594 174230
942233951 174230
942269693 174241
942272138 174436
942313089 174639
942324615 174645
942325178 174683
942325419 174684
942389600 174674
942421636 174767
942426942 174762
942430227 174768
942431001 174771
942453008 174801
942475462 174822
942556340 175047
942617363 175279
942624331 175382
942637848 175446
942638209 175455
942638272 175457
942656860 175482
942716135 175398
942718082 175404
942718821 175404
942751706 175407
942777687 175639
942788819 175640
942791924 175646
942793061 175653
942864156 175670
942872699 175670
942875418 175675
942877368 175685
942918060 175686
942937885 175687
942959327 175582
943019937 175597
943091316 176004
943106103 176009
943207576 176074
943208932 176081
943209261 176292
943240253 176309
943271183 176315
943285057 176315
943306132 176330
943353913 176345
943373456 176376
943373628 176386
943373795 176399
943374287 176385
943395982 176420
943399285 176610
943449620 176616
943451886 176647
943457155 176650
943459126 176657
943465694 176685
943515830 176787
943517646 176805
943524099 176805
943525747 176809
943545683 176815
943546637 176778
943549914 176786
943551426 176809
943588958 176874
943619906 176870
943634567 176861
943636858 176871
943666633 176826
943708323 176865
943711369 176919
943712459 176984
943712749 177035
943715587 177053
943777406 177111
943787799 177241
943793837 177244
943807490 177258
943881643 177263
943881763 177262
943882383 177255
943895563 177279
943940226 177374
943950425 177380
943956415 177418
943969341 177484
943970756 177487
943973699 177502
943978489 177524
943979533 177524
943980179 177568
943990673 177612
944005892 177622
944042245 177630
944048217 177634
944054849 177624
944054957 177631
944142626 177638
944208183 177661
944224459 177712
944234908 177718
944238448 177726
944348425 177738
944350872 177646
944429716 177635
944437834 177851
944480642 177907
944487307 177916
944507318 178205
944516391 178214
944516999 178214
944517469 178229
944564437 176330
944571011 176338
944587311 176343
944622240 176349
944623247 176410
944648643 176419
944665679 176424
944676624 176430
944696879 176449
944697620 176450
944735378 176460
944767166 176501
944775587 176565
944833124 176576
944844774 176579
944993523 176548
945035825 176549
945055293 176520
945092037 176525
945104654 176534
945178555 176541
945183474 176544
945209950 176582
945271248 176550
945285406 176565
945308820 176757
945312764 176798
945357905 176797
945372840 176830
945396745 177004
945397953 177006
945398327 177008
945398722 177011
945399105 177981
945450184 177988
945457206 177920
945531418 177921
945641919 178221
945642060 178597
945643141 178603
945703340 178616
945706311 178625
945706400 178625
945706586 178629
945707449 178630
945709440 178477
945717487 178483
945721569 178497
945775459 178503
945776831 178503
945870058 178502
945870126 178508
945896441 178524
946224186 178568
946237518 178618
946241340 178605
946276646 178832
946297432 178846
946418984 178911
946426496 178999
946442384 179029
946451078 179088
946462422 179094
946467947 179221
946513661 179063
946536884 179231
946544867 179276
946547851 179300
946548090 179302
946548257 179304
946635109 179321
946640876 175716
946641026 180184
946695149 180188
946790328 180106
946808681 180157
946884994 180181
946926232 180181
946930521 180195
946971703 179159
946971821 180565
946987177 180574
946989435 180587
946999208 180587
946999219 180585
946999681 180590
947034780 180606
947054838 180623
947060687 180787
947060997 180789
947065725 180798
947170551 180809
947181700 180884
947244831 180934
947353496 180938
947419841 180992
947427947 181030
947432323 181069
947511302 181065
947525428 181069
947527661 181063
947534655 181065
947547777 181063
947713117 181121
947852840 181130
947859619 181135
947871256 181137
947983246 181201
948045402 181343
948098950 181351
948152294 181406
948200207 181413
948212463 181444
948223768 181460
948233897 181549
948242963 181552
948280550 181416
948283542 181454
948283677 181445
948286521 181464
948401388 181552
948447112 181559
948448775 181570
948460032 181577
948460520 181579
948466985 181579
948473274 181607
948638496 181612
948638563 181612
948638861 181612
948639991 181615
948641194 181619
948671496 181624
948717269 181635
948720875 181643
948721863 181455
948800704 180306
948804135 180306
948811123 180397
948884083 180397
948917880 180747
948932528 180799
948969448 180895
948987222 180949
948995752 180957
949007931 180974
949023509 180993
949079514 181011
949154939 181547
949193793 181584
949213335 181589
949285228 181906
949319120 181911
949325789 181920
949327452 181925
949335698 182122
949337448 182127
949350377 182199
949350832 182220
949353006 182240
949421584 182223
949482171 182229
949482711 182235
949490551 182247
949499036 182251
949504131 182259
949510114 182264
949512695 182260
949518126 182263
949587582 182282
949599853 182280
949603981 182292
949604056 182294
949630771 182299
949661252 182305
949664992 182332
949677854 182350
949678276 182348
949678482 182349
949685633 182361
949762734 182697
949781067 182706
949873566 182715
949907356 182727
949909332 182730
949945488 182740
949945714 182738
949957090 182744
950032142 182811
950033712 182823
950078786 183227
950085304 183295
950092183 183618
950092397 183324
950096201 183599
950102109 183636
950120513 183772
950120824 183773
950141841 183773
950158201 183813
950176955 183815
950187632 183822
950190344 183836
950192323 183843
950260060 183844
950272878 183849
950279618 183849
950285697 183864
950521202 183874
950538594 183874
950547834 183881
950552657 183885
950552716 183913
950610895 183909
950632932 183901
950695053 183904
950706850 183924
950795448 183981
950879764 184022
950889215 184022
950889352 184016
950945186 184072
951105475 184075
951134421 184080
951218900 184079
951236878 184093
951239414 184108
951305580 184103
951305721 184103
951318855 184110
951331364 184245
951333167 184249
951333367 184249
951333491 184249
951390383 184279
951399364 184274
951465882 184274
951477606 184283
951488469 184299
951490346 184418
951495620 184422
951499020 184476
951500531 184494
951735072 184504
951735414 184506
951736569 184506
951752389 184509
951752493 184509
951752930 184406
951829620 184414
951832823 184423
951838098 184429
951839438 184467
951906689 184473
951928535 184512
951995332 184513
952505630 184518
952536172 184548
952536828 184570
952603713 184579
952627117 184664
952697989 184687
952698281 184465
952707183 184449
952958806 184457
953046220 184430
953281079 184475
953282885 184485
953284954 184488
953893909 184541
953900339 184570
953906252 184585
953912794 184612
953945204 184610
954111717 184614
954112239 184613
954190237 184618
954329186 184550
954329475 184564
954329522 184556
954363634 184592
954431043 184593
954498802 184605
954610570 184605
954617470 184637
954644776 184640
954770265 184639
954770327 184643
955024622 184649
955053769 184777
955065740 184797
955066434 184887
955317889 184887
955430381 184995
955434256 188078
955455804 189507
955489740 189522
955500307 188152
955546471 188184
955634532 188193
955645081 188353
955645640 188367
955809260 188374
955830368 188381
955887758 188646
955901888 188654
955908725 188664
955938688 188714
955939547 188720
956006137 188726
956074349 188723
956080519 188738
956100149 188744
956151346 188749
956263989 188871
956379088 188872
956379209 188877
956407514 188876
956412786 188880
956414687 188891
956415815 188900
956420412 188907
956440051 188910
956444013 188936
956486928 188958
956512385 188980
956522277 189004
956533487 189003
956548968 189016
956583430 189057
956660275 189033
956703099 189095
956705632 189098
956768355 189163
956777486 189168
956777629 189173
956796892 189186
956807108 189206
956834630 189203
956853293 189195
956867212 189205
956970719 189225
957152678 189231
957210101 189261
957233179 189272
957234816 189253
957321710 189887
957331148 189900
957384962 189997
957407803 189943
957481435 189960
957505253 190099
957530131 190108
957544884 190108
957556968 190113
957596905 190145
957736816 190151
957781758 190184
957788517 190232
957859607 190193
957862113 190226
957862418 190225
957946135 190231
957957821 190260
957960526 190262
957966157 190313
957966586 190309
957976235 190324
957984853 190324
957991247 190339
958015625 190335
958037769 190340
958038790 190344
958130652 190674
958151119 190769
958207818 190776
958209776 190787
958222376 190802
958286424 190822
958305800 190826
958395230 190826
958401091 190872
958422380 190866
958427980 190880
958432000 190900
958554348 190916
958584133 190940
958587611 190942
958591400 190978
958617058 190986
958666938 190987
958667577 190995
958744721 190999
958802397 190740
958819908 190759
958829698 190767
959157676 190815
959186864 190718
959227905 190782
959249744 190739
959249874 190741
959251024 190745
959254077 190738
959256216 190740
959256571 190741
959333387 190771
959357770 190778
959411441 190799
959647867 191033
959649897 191063
959726639 191090
959733872 191096
959735388 191102
959778319 191127
959789716 191161
959908740 191234
959948298 191238
959952118 191238
959952908 191232
960085075 191249
960120369 191249
960120766 191253
960121138 191255
960245142 191266
960330904 191332
960381192 191350
960381315 191355
960471187 191421
960483516 191411
960540086 191402
960555327 191409
960562988 191411
960593815 191422
960618345 191428
960813347 191416
960814328 191423
960820044 191445
960955848 191458
960955911 191452
960991424 191460
961013011 191520
961064729 191520
961073043 191524
961078710 191523
961079456 191523
961086329 191529
961088208 191538
961210996 191554
961422467 191553
961451025 191553
961451373 191560
961457717 191566
961560952 191603
961682009 191611
961718148 191620
962092255 191658
962170448 191663
962280802 191696
962324732 191791
962359862 191804
962674987 191845
962704852 191855
962706443 191859
964148422 191924
966151098 191976
966700459 192036
967486067 192107
967572289 192116
967851587 192203
968085701 192210
968086689 192214
968180296 192324
968271058 192360
968273784 192381
968278667 192394
968332160 192458
968362574 192471
968448418 192505
968755357 192521
968793866 192531
968881987 192608
969019222 192653
969054650 192689
969055204 192674
969139134 192913
969197207 192908
969200093 192938
969309407 193071
969747599 193104
969810862 193110
969813820 193115
969829244 193127
969840305 193133
969841923 193134
969888735 193142
969900379 193146
970000334 193260
970145633 193280
970201945 193285
970350554 193294
970394337 193364
970396454 193369
970515172 193368
970605000 193400
970619183 193403
970625316 193423
970693689 193531
970706932 193740
970743918 193747
970825442 193776
970826598 193790
970828757 193799
970831592 193819
970839963 193827
970963949 194202
970966268 194204
970966746 194208
970974177 194228
971011836 194225
971057444 194239
971114625 194199
971138947 194359
971174159 194361
971174374 194364
971197797 194367
971238506 194367
971240407 194372
971268978 194431
971269206 194436
971275944 194479
971288682 194466
971288955 194485
971289813 194492
971293409 194525
971309272 194547
971322124 194553
971337529 194617
971339296 194626
971372675 194629
971382307 194635
971394674 194635
971424787 194653
971726104 194739
971823860 194745
972084469 194780
972228556 194813
972398242 194817
972829019 194827
972847001 194922
973114419 194932
973303725 195010
973349028 195019
973369947 195005
973469510 195010
973471438 195019
973646858 195026
973717905 195074
973728737 195077
973729520 195078
973782905 195103
973791237 195139
973793538 195143
973813545 195168
973877487 195178
973879783 195188
973880993 195195
973890964 195208
973933126 195219
974148685 195224
974241131 195184
974465358 195215
974591218 195123
974642991 195131
974649177 195147
974653517 195154
974654525 195169
974665553 195184
974669042 195197
974675893 195281
974731015 195289
974740667 195313
974765047 195558
974777048 195654
974779303 195697
974779605 195699
974808461 195705
974812927 195755
974813182 195755
974817198 195760
974829062 195748
974835925 195870
974838718 195899
974839346 195902
974899702 195897
974918332 195946
974927986 195964
974937182 196006
975031284 199116
975098239 196098
975124445 196172
975125269 196284
975126870 196291
975140818 196359
975191510 196819
975194384 196834
975216263 196885
975223267 196908
975225184 196912
975233348 196943
975250593 196959
975258878 196795
975262877 196811
975270137 196824
975273002 196830
975276383 196861
975328652 196877
975380167 197109
975381011 197116
975386084 197144
975389766 197191
975410590 197223
975410870 197249
975417691 197257
975417852 197257
975469248 197211
975480012 197250
975481723 197263
975498538 197278
975719990 197296
975750558 197334
975828787 197354
975850222 197432
975858950 197554
976000832 197563
976001769 197570
976003409 197600
976029752 197834
976031452 197848
976031844 197851
976036993 197864
976065710 197872
976114237 197952
976114509 197953
976197429 197974
976344637 198015
976473335 198104
976492639 198101
976599039 198167
977029638 198429
977063697 198426
977065984 198434
977080349 198485
977146816 198489
977322198 198705
977414710 198787
977441004 198809
977531837 198852
977537136 198900
977785582 198902
977786646 198909
977864098 198914
977888988 198913
977953257 198914
978078997 198946
978093185 199016
978093318 199014
978187551 199131
978189794 199136
978256204 199163
978391517 199165
978443521 199259
978551124 199362
978555678 199369
978643505 199378
978649442 199439
978828690 199782
978828768 199780
978886495 199825
978980218 199842
979034664 199841
979056023 199874
979080020 199891
979084880 199898
979135618 199912
979221893 199939
979223814 199962
979228286 200019
979233941 200037
979278593 200405
979315744 200410
979340575 200472
979366567 200559
979370307 200564
979381504 200570
979390733 200572
979481251 200577
979505826 200683
979505855 200691
979508193 200760
979641590 200799
979686927 200815
979691303 200885
979742781 200900
979744198 200926
979750327 200936
979770303 201008
979773105 201042
979781009 201083
979815132 201094
979827079 201108
979834472 201129
979941365 201218
979959707 201245
979975915 201276
980020455 201392
980020602 201267
980045566 201260
980084417 202413
980097449 202429
980250263 202438
980253124 202444
980298265 202050
980479386 202057
980481569 202059
980539126 202132
980566752 202142
980614739 202209
980615671 202218
980622627 202334
980642625 202385
980642874 202393
981144060 202451
981144961 202455
981203651 202471
981210668 202488
981313951 202363
981373068 202391
981507493 202398
981556631 202402
981762013 202429
981819921 202459
981824186 202007
981902362 202022
981905599 202052
981920645 202057
981979465 202153
981980880 202563
981988636 202569
982013057 202665
982089697 202669
982265557 202673
982267039 202670
982409656 202690
982441781 202696
982441906 202735
982448980 202792
982515744 202836
982519255 202871
982519491 202880
982523948 202884
982541231 203038
982578665 203047
982590946 203146
982591806 203158
982592959 203166
982605331 203172
982613061 203188
982681574 203217
982685952 203221
982725058 203332
982753598 203404
982771500 203449
983031716 203522
983126078 203528
983139216 203579
983141503 203586
983141779 203578
983147636 203484
983181321 203485
983185234 203477
983241202 203505
983354840 203671
983419555 203741
983459477 203746
983542006 203805
983542060 203804
983544177 203809
983547667 203823
983548036 203817
983548562 203844
983553188 203886
983554170 203888
983555167 203895
983558715 203910
983619135 203923
983623379 204206
983625663 204210
983629861 204224
983633101 204226
983638572 204243
983766315 204360
983817681 204404
983840672 204406
983840804 204420
983846100 204427
983986584 204466
984185134 204479
984238002 204489
984240356 204494
984243498 204517
984244878 204528
984245637 204549
984246516 204565
984248675 204576
984251188 204621
984254637 204659
984257438 204695
984266251 204732
984278809 204788
984281192 204805
984349765 204831
984351858 204836
984367057 204924
984367252 204930
984411002 204944
984511248 204979
984530197 204986
984533846 204995
984535151 205008
984535398 205008
984575481 205016
984591147 205051
984652024 205066
984701394 205218
984856687 205231
984860707 205258
984864544 205272
984870774 205350
984871523 205355
984881780 205358
984881841 205345
984922765 205395
984932872 205474
984932951 205475
984942748 205481
984957001 205487
985018415 205491
985019698 205495
985020438 205498
985020946 205502
985021054 205499
985050196 205502
985050787 205507
985058446 205455
985103654 205456
985184632 205478
985187747 205480
985196833 205512
985197228 205515
985221778 205560
985223576 205593
985224416 205604
985226229 205613
985229897 205623
985266876 205632
985273289 205647
985273860 205647
985283195 205667
985288509 205719
985308045 205742
985329403 205962
985350368 205972
985390434 205998
985391499 206010
985394156 206044
985394986 206044
985395605 206044
985395888 206047
985397803 206050
985404250 206055
985431083 206101
985431699 206118
985432790 206132
985432838 206132
985440458 206271
985440733 206276
985446920 206319
985448397 206321
985467230 206374
985468332 206414
985470252 206416
985474108 206443
985517269 206437
985541127 206423
985611631 206427
985612138 206437
985612923 206442
985617108 206461
985660817 206462
985694017 206476
985702264 206481
985737698 206472
985739794 206500
985739870 206500
985766878 206480
985818970 206528
985819132 206526
985819848 206550
985819880 206548
985821026 206546
985821831 206553
985824326 206466
985944560 206485
985945868 206490
985974174 206509
985976851 206517
985978922 206523
986071255 206559
986308069 206575
986402454 206580
986435949 206584
986471649 206736
986503989 206750
986507888 206755
986508369 206788
986513674 206812
986603675 206827
986609877 206831
986645474 206868
986647737 206936
986675302 206943
986735802 206945
986735967 206951
986818527 207004
986870623 207021
986871695 207019
986997329 207026
987274780 207033
987288776 207050
987303516 207053
987303643 207058
987304009 207064
987333986 207075
987334017 207075
987686986 207080
987767676 207117
987895437 207123
987927750 207146
987930678 207149
988018047 207163
988019319 207169
988294615 207174
988303451 207187
988369820 207205
988482616 207211
988669477 207252
988715299 207286
988719007 207294
988828136 207278
988847182 207305
988888957 207315
988987288 207355
989004835 207367
989005914 207374
989106987 207387
989150081 207392
989154194 207397
989236000 207411
989281100 207418
989350919 207429
989353668 207433
989366001 207443
989409012 207449
989410515 207453
989491614 207467
989495321 207496
989503232 207519
989580392 207511
989616427 207534
989823390 207551
989830325 207560
989881959 207557
989882147 207556
989977464 207600
990122425 207600
990246621 207604
990375912 207618
990564143 207673
990571940 207689
990666163 207709
990723715 207716
990739576 207730
990921409 207740
990988965 207719
990991952 207770
990993846 207772
991052814 207773
991162952 207804
991165455 207822
991168031 207851
991387865 207860
991586703 207869
991593667 207877
992008832 207883
993189149 207931
993189177 207973
993195450 207996
993231694 208010
993243599 208019
993245221 208024
993246603 208031
993247176 208032
993247334 208032
993249730 208051
993257062 208067
993292336 208072
993297163 208083
993297285 208080
993297383 208080
993301294 208095
993321014 208115
993631707 208120
993632335 208124
993640942 208127
993711310 208130
993712637 208146
993712776 208146
993712820 208146
993713357 208148
993716809 208167
993716836 208167
993716950 208170
993783944 208195
993878437 208188
993928756 208215
993933597 208237
993968296 208284
994002155 208288
994002236 208289
994002275 208289
994003041 208294
994130304 208316
994144983 208311
994146031 208316
994147077 208321
994147126 208316
994147542 208321
994378751 208331
994433100 208337
994585580 208348
994589813 208487
994727070 208513
994771466 208518
995156768 208539
995238756 208154
995325924 208223
995393970 208234
995427637 208255
995459731 208260
995549700 208271
995743765 208559
995743864 208872
995746359 208917
995763508 208926
995804783 209087
995813970 209087
995818500 209100
995819207 209165
995825681 209164
995845099 209298
995846177 209298
995849762 209312
995919781 209347
995920196 209394
995927908 209443
995989949 209448
996020298 209628
996023999 209796
996227715 210305
996227903 210309
996227939 210310
996323370 210476
996335612 210513
996359640 210527
996364748 210617
996456965 210694
996492029 210703
996493792 210734
996656239 210746
996656524 210746
996679371 210816
996779691 210853
996793576 211118
996793727 211116
997013542 211227
997057233 211723
997122674 211826
997138221 211850
997160414 211886
997164799 211933
997184070 211948
997187281 211966
997193369 211966
997308804 212123
997315387 212190
997419828 212196
997423411 212200
997565297 212323
997663060 212329
997705526 212340
997794316 212344
997795378 212349
997866214 212381
997904720 212386
997916840 212387
997955583 212400
997957388 212410
997959596 212420
998230645 212497
998263899 212497
998314751 212501
998339446 212534
998561948 212548
998578082 212567
998656015 212573
998700907 212616
998737612 212622
998746851 212725
998750719 212785
998755643 212825
998755822 212833
998755860 212833
998769817 212839
998770633 212892
998770791 212900
998829803 212945
998837264 213001
998837296 213000
998996003 213013
999020590 213026
999282761 213131
999291421 213329
999323906 213334
999340974 213330
999351957 213257
999542544 213279
999616832 213324
999623716 213328
999672429 213340
999695442 213447
999707996 213682
999710228 213722
999827007 213735
999994235 213741
999999564 213778
1000154027 213795
1000156146 213825
1000242462 213837
1000292895 213859
1000300338 213864
1000304512 213870
1000308740 213878
1000314871 213880
1000324031 213889
1000352801 213893
1000356885 213956
1000362097 213973
1000397802 214116
1000397882 214119
1000397912 214283
1000438558 214303
1000503867 214350
1000540589 214357
1000541032 214360
1000542591 214366
1000545027 214406
1000546312 214407
1000546759 214412
1000547783 214423
1000548701 214427
1000549478 214432
1000549809 214436
1000594395 214531
1000642562 214551
1000642782 214472
1000655475 214443
1000657396 214223
1000657599 214219
1000658725 214227
1000658945 214226
1000716368 214336
1000732869 214370
1000733715 214369
1000897506 214393
1001072762 214399
1001228638 214403
1001970421 214526
1002021520 214541
1002031426 214587
1002036661 214595
1002166384 214604
1002211851 214640
1002278334 214652
1002278519 214653
1002534330 214658
1002534709 214672
1002538473 214679
1002657939 214810
1002668438 214839
1002731223 214855
1002988157 215350
1003083776 215509
1003100910 215586
1003263971 216525
1003273056 216530
1003470416 216911
1003472415 216909
1003493249 216911
1003927815 216919
1003948771 216959
1004139298 216996
1004148648 217434
1004301551 217607
1004386491 217617
1004464309 217618
1004466934 217627
1004469411 217242
1004472384 217657
1004988624 217662
1005322890 217692
1005427185 218022
1005815241 221596
1005832222 221599
1005851266 221620
1005916954 221620
1005917086 221626
1005925195 221625
1006116315 221665
1006253449 221678
1006466689 221854
1006472282 221970
1006518930 221981
1006541950 221985
1006633758 222317
1006637924 222355
1006640417 222369
1006640757 222372
1006702177 222373
1006707953 222380
1006789505 222383
1006811018 222389
1006811701 222400
1006859656 222449
1006860950 222449
1006861182 222449
1006924930 222454
1006933392 222460
1007538098 223632
1007555410 223642
1007640384 223787
1007821375 223814
1007975556 223789
1008056673 224229
1008235416 224280
1008261323 224318
1008425990 224570
1008430487 224577
1008526122 224769
1008527377 224779
1008527427 224779
1008589908 224837
1008594658 224836
1008673551 224841
1008771503 224863
1008847194 224868
1009221613 224873
1009743966 225529
1009747282 225529
1009751953 225529
1009753033 226270
1009785523 226267
1009816453 226525
1009817370 226466
1009898198 226593
1009911103 226651
1009912195 226657
1009936000 226668
1010044311 226785
1010147386 226808
1010149724 226931
1010159799 226924
1010160099 226920
1010164381 226917
1010180769 226932
1010192673 226934
1010217708 226943
1010278941 227138
1010406622 227271
1010406865 227280
1010485592 227319
1010499718 227472
1010578938 227483
1010591068 227491
1010654421 227562
1010662030 227576
1010846413 227589
1011097110 227595
1011098614 227611
1011136155 227773
1011191962 227790
1011213014 227872
1011216089 227980
1011218201 227984
1011220970 227995
1011230261 228077
1011260449 228376
1011271247 228386
1011306239 228576
1011365505 228561
1011407321 229034
1011462129 229049
1011468382 229053
1011475993 229339
1011477754 229339
1011486517 229340
1011614125 229444
1011617270 229449
1011633003 229457
1011713887 229467
1011798735 229535
1011798843 229530
1011799200 229528
1011869257 229536
1011927253 229545
1012146174 229585
1012148296 229663
1012164099 229870
1012164873 229869
1012165232 229870
1012165946 229919
1012166067 229923
1012166454 229928
1012228538 230208
1012232322 230345
1012263767 230440
1012306827 230456
1012335771 230564
1012343835 230635
1012348425 230694
1012348469 231072
1012391503 231081
1012397114 231207
1012403074 231197
1012428312 231201
1012429413 231542
1012429634 231543
1012435119 231552
1012443894 231659
1012484339 231956
1012485314 231982
1012487150 231981
1012488903 232017
1012490703 232018
1012512675 232049
1012515242 232036
1012572373 232036
1012615900 232056
1012651127 232197
1012654208 232256
1012699461 232526
1012719577 232533
1012757328 232536
1012904509 232593
1013035760 232638
1013045344 232661
1013045384 232663
1013076337 232680
1013077947 232676
1013097197 232715
1013263253 232770
1013272367 232442
1013371778 233054
1013382702 233114
1013400243 233109
1013444708 233196
1013447275 233229
1013449425 233261
1013460752 233285
1013462394 233396
1013473525 233435
1013494103 233471
1013496109 233303
1013517717 233317
1014335971 233346
1014378506 233407
1014415739 233467
1014421574 233472
1014431634 233919
1014431716 233918
1014510678 234477
1014516595 234571
1014547802 234743
1014574644 234826
1014604499 235113
1014649986 235113
1014702161 235113
1014710109 235119
1014742404 235696
1014764961 235745
1014795186 235801
1014795970 235805
1014797066 235803
1014810234 235813
1014833237 235861
1014885077 236010
1014892466 236010
1014911170 236015
1014922897 236026
1014966678 236047
1014967774 236058
1014976080 236061
1014981067 236063
1014990567 236068
1015138218 236089
1015174955 236162
1015175466 237822
1015175943 237821
1015178077 237825
1015183140 237733
1015183235 237809
1015184274 237812
1015187829 237824
1015187888 237817
1015209471 237821
1015226760 237994
1015272220 239133
1015283369 239374
1015323994 239382
1015325523 239412
1015333643 239414
1015337568 239355
1015338452 239381
1015343501 239385
1015344804 239385
1015345024 239387
1015345303 239389
1015375864 239432
1015408568 239437
1015408790 239440
1015411436 239532
1015421531 239534
1015439008 239551
1015460274 239567
1015488199 239573
1015526778 239577
1015581291 239577
1015643340 239588
1015643659 239587
1015702427 240085
1015702525 241198
1015705223 241259
1015706925 241294
1015751630 241323
1015753926 241351
1015754693 241401
1015799451 241458
1015839288 241458
1015977271 242484
1015981973 242482
1016023893 242487
1016030583 242317
1016185775 242718
1016193117 242727
1016194150 242727
1016211743 243145
1016288447 244195
1016309671 244491
1016312378 244665
1016386454 244897
1016401119 244771
1016403093 244774
1016403747 244776
1016406069 244782
1016446246 244790
1016448962 244789
1016449196 244790
1016451991 244817
1016453443 244816
1016453882 244815
1016453975 244819
1016454534 244822
1016455188 244845
1016536028 244853
1016538026 244838
1016544977 244906
1016549363 244959
1016550483 244972
1016550995 244982
1016551775 245003
1016552583 245013
1016554656 245014
1016573645 245019
1016652556 245027
1016661819 245276
1016666593 245310
1016666767 245310
1016669194 245312
1016706076 245336
1016706829 245338
1016710895 245337
1016713676 245344
1016759004 245625
1016759049 245626
1016761435 245771
1016766247 245796
1016791610 245802
1016816492 245807
1016817324 245812
1016821287 245830
1016835496 245850
1016846294 245776
1016884797 245851
1016887672 245880
1016935066 246143
1016965097 246298
1016975135 246091
1016977032 246107
1016977722 246123
1016979695 246119
1016981025 246224
1016997564 246262
1017011256 246367
1017014974 246441
1017015662 246449
1017051249 246461
1017056749 247543
1017061776 247546
1017067751 247547
1017067805 247552
1017068895 247549
1017096125 247852
1017096216 247857
1017097814 247866
1017100688 247877
1017173007 247886
1017213163 247919
1017213328 247919
1017226495 247907
1017228008 247920
1017405637 247932
1017423582 247931
1017526256 247931
1017542203 247951
1017597880 248650
1017605381 248652
1017622880 248715
1017662191 248754
1017744336 248761
1017827188 248766
1017998666 250462
1018001959 250462
1018002332 250465
1018016376 250468
1018017556 250471
1018040797 250476
1018076633 250525
1018095371 250528
1018096746 250531
1018104218 250534
1018121690 250534
1018124574 250538
1018139733 250574
1018211745 250589
1018273157 250594
1018308328 250720
1018333137 250752
1018433007 250759
1018446321 250781
1018467735 250789
1018476692 251030
1018535836 251062
1018567581 251087
1018568153 251087
1018632884 251107
1018644066 251219
1018644630 251234
1018810801 251234
1018814739 251250
1018866120 251256
1018866832 251263
1018868131 251266
1019078195 251288
1019084509 251439
1019125917 251448
1019163067 251440
1019216460 251446
1019245217 251451
1019268549 252071
1019422128 252076
1019462771 253947
1019480317 253952
1019525212 254083
1019569340 254095
1019576195 254105
1019666358 254108
1019668813 254108
1019669191 254108
1019673986 254127
1019734791 254304
1019739372 254313
1019752465 254447
1019771822 254457
1019775981 254466
1019945672 254474
1020032551 254487
1020061670 254725
1020073567 254729
1020077747 254725
1020095569 254728
1020128727 254836
1020165435 254879
1020329446 254885
1020332027 255053
1020346601 255068
1020395619 255085
1020409212 255098
1020423653 255098
1020461467 255102
1020473940 255093
1020715482 255092
1020722619 255133
1020767209 255133
1020770482 255162
1020773868 255244
1020780401 255330
1020782066 255337
1020782308 255337
1020784688 255356
1020848523 255356
1020897550 255406
1020934972 255580
1020968434 255590
1020982541 255580
1020983842 255718
1020985556 255725
1021032469 255731
1021095183 255757
1021611957 256256
1021632243 256275
1021667241 256272
1021757406 256303
1021757734 256304
1021774847 256317
1021901745 256360
1021902967 256363
1021975451 256398
1021976136 256389
1021976961 256396
1021978234 256396
1022030561 256396
1022030757 256402
1022030997 256403
1022031019 256408
1022061285 256424
1022065925 256461
1022096258 256572
1022202292 256605
1022245415 256842
1022290335 256862
1022442925 257009
1022444394 257435
1022449650 257706
1022449835 257709
1022456742 257692
1022458880 257741
1022491053 257732
1022500969 257750
1022507099 257779
1022534834 258104
1022550410 258464
1022638650 258490
1022699475 258801
1022705745 258811
1022706666 258841
1022800511 258878
1022833124 258978
1022838951 258993
1023037099 259007
1023050695 259059
1023074725 259073
1023105153 259089
1023109515 259096
1023115574 259101
1023130919 259109
1023131123 259113
1023136148 259120
1023140993 259143
1023171522 259246
1023180973 259258
1023183150 259258
1023250367 259278
1023283999 259208
1023315974 259220
1023334721 259261
1023348870 259266
1023377059 259316
1023442266 259323
1023471420 259330
1023548343 259336
1023551464 259600
1023657556 259650
1023676250 259665
1023757301 259673
1023839236 259750
1023842288 259754
1023876445 259753
1024133706 260555
1024273985 260614
1024316380 261108
1024397531 261512
1024489174 261699
1024495886 260741
1024495965 261986
1024498191 261992
1024499509 262516
1024501502 262516
1024511571 262598
1024516096 262604
1024566239 262609
1024610704 262618
1024637743 262673
1024669763 262694
1024669954 262697
1024827613 262990
1024854916 263010
1024915986 263010
1024916709 263004
1024918123 263013
1024927087 262954
1024937755 263243
1024993138 263251
1025028168 263262
1025078457 263334
1025098956 263339
1025301079 263359
1025303974 263370
1025396811 263907
1025403204 263904
1025710286 263909
1025710420 263912
1025785216 263912
1025787277 263941
1025788990 263952
1025789053 263951
1025795329 263968
1025824388 263973
1025851778 264015
1025876447 264012
1025899974 264037
1025904900 264048
1025905011 264045
1025917459 264259
1025917588 264262
1025959267 264378
1025970022 264542
1025983655 264529
1025986636 264678
1025989651 264692
1025991434 264700
1026049544 264711
1026085488 264749
1026170845 264936
1026172450 264934
1026173296 264941
1026225047 264944
1026227470 264963
1026253258 264975
1026258317 264985
1026309577 264993
1026309656 264993
1026436545 265009
1026454650 265496
1026597718 265487
1026897607 265510
1026916366 266350
1026939198 266364
1026948628 266452
1026982787 266440
1026982810 266443
1026985516 266453
1026996948 266452
1026997472 266443
1027001006 266433
1027029048 266405
1027071360 266459
1027118323 266464
1027119142 266408
1027196092 266473
1027285277 266550
1027290613 266559
1027328271 266559
1027328805 266571
1027355584 266576
1027451256 266581
1027454192 267444
1027460772 267594
1027463722 267561
1027602287 267581
1027683763 267990
1027934654 267627
1028031148 267661
1028031868 267671
1028222397 267781
1028230642 267804
1028307467 267814
1028509358 267876
1028509729 267883
1028511131 267884
1028511415 267884
1028512757 267925
1028544547 267980
1028548570 268245
1028551396 268246
1028551519 268246
1028565389 268280
1028568244 268299
1028587818 268348
1028647063 268353
1028674300 268331
1028676276 268334
1028684982 268348
1028726823 268348
1028765574 268540
1028765662 268542
1028845162 268561
1028850781 268576
1028853737 268529
1028887507 268526
1028894211 268528
1028894274 268533
1029003507 268752
1029009704 268981
1029014418 268992
1029015961 269012
1029021705 269015
1029053835 270303
1029059304 270730
1029068982 271000
1029077159 271004
1029077319 271005
1029078887 271084
1029079319 271085
1029097379 271180
1029100376 271448
1029103783 271467
1029106703 271472
1029120490 271478
1029146173 271490
1029148749 271493
1029155249 271505
1029156562 271508
1029174578 271545
1029193844 271566
1029199368 271593
1029207099 271628
1029218924 271793
1029237987 271806
1029243425 271811
1029317628 271823
1029319022 271825
1029339673 271840
1029408961 271796
1029500702 271853
1029500731 271853
1029500883 271852
1029500906 271853
1029501266 271855
1029501337 271855
1029504799 271864
1029554017 271877
1029555183 271885
1029616642 271896
1029772339 271906
1029802516 272021
1029831044 272027
1029863681 271638
1029874609 271694
1029880423 271754
1029880470 271751
1029884022 271922
1029944712 271928
1030026388 271934
1030043380 271965
1030069897 272155
1030109485 272163
1030162639 272179
1030274560 272143
1030274842 272147
1030275532 272158
1030277877 272182
1030293715 272471
1030333512 272833
1030353768 272838
1030362503 272838
1030363216 272840
1030372768 272887
1030378966 272893
1030404162 273075
1030535438 273085
1030563870 273090
1030628925 273087
1030687439 274055
1030696856 274060
1030737396 274173
1030745853 274189
1030822229 274196
1030833971 274277
1030834124 274282
1030958412 274676
1030958836 274676
1030975565 274640
1030984321 274643
1031046160 274650
1031047017 274666
1031059091 274694
1031063465 275096
1031079698 275179
1031094783 275187
1031101796 274915
1031101818 275060
1031138811 275065
1031138835 275066
1031143275 275073
1031143311 275074
1031181632 275107
1031185485 275209
1031187567 275209
1031259420 275228
1031265747 275195
1031312989 275241
1031481848 275364
1031493394 275361
1031556329 275464
1031612879 275419
1031612897 275676
1031700013 276211
1031737522 276284
1031739838 276276
1031741402 276274
1031766691 276285
1031792450 276360
1031829071 276368
1031832587 276378
1031832610 276375
1031839471 276489
1031843637 276414
1031859954 276534
1031862387 276872
1031908987 276979
1031910916 276996
1031912931 278152
1031918906 278569
1031921123 278601
1031925251 278619
1031926101 278624
1031927691 278631
1032037598 278844
1032038134 278847
1032041364 279001
1032081115 279006
1032101711 278997
1032113807 279001
1032121585 279050
1032121630 279124
1032124918 279138
1032158780 279233
1032166751 279233
1032168398 279268
1032187686 279317
1032191916 279330
1032192317 279331
1032193148 279334
1032214582 279475
1032220161 279470
1032227472 279627
1032254809 279650
1032264592 279660
1032265801 279677
1032270120 279686
1032341696 279689
1032357317 279692
1032357411 279699
1032357612 279712
1032426859 279726
1032431323 279771
1032432664 279782
1032444217 280051
1032492914 280133
1032502750 280317
1032513384 280331
1032517251 280348
1032517479 280338
1032554593 280582
1032598553 280626
1032642718 280708
1032766811 280850
1032777505 280855
1032778399 280868
1032778818 280881
1032779002 280884
1032787051 280891
1032788475 280899
1032790563 280908
1032803126 280933
1032847420 280942
1032863570 281029
1032870728 281033
1032870773 281029
1032871431 281047
1032952731 281059
1032953138 281067
1032956610 281072
1032976614 281080
1033035906 281179
1033052639 281189
1033135139 281194
1033455808 281689
1033511423 281708
1033678145 282913
1033723735 283109
1033752393 283110
1033752820 283144
1033842485 283143
1033849514 283219
1033859781 283232
1033873791 283308
1033880128 283441
1033910919 283449
1033925241 283580
1033928640 283609
1034012781 283613
1034057428 283745
1034080635 283749
1034118033 283765
1034158230 283772
1034161853 283775
1034195528 283954
1034204847 283993
1034204945 283993
1034260334 284018
1034389923 284023
1034408249 284027
1034408286 284028
1034408856 284027
1034501449 284032
1034514856 284134
1034524200 284139
1034552712 284149
1034584035 284156
1034586789 284164
1034594351 284152
1034663406 284486
1034679549 284515
1034696440 284553
1034757526 284564
1034772872 284580
1034783047 284580
1034783501 284584
1034787976 284588
1034852465 284651
1034853420 284664
1034854864 284708
1034860593 284708
1034932563 284695
1034955310 284855
1035197415 284902
1035198639 284905
1035198716 284904
1035200046 284909
1035238252 284871
1035247711 284888
1035277134 284895
1035278074 284969
1035289628 285019
1035290709 285047
1035327806 285066
1035329365 285079
1035367851 285079
1035419802 285316
1035423789 285326
1035444102 285434
1035517651 285470
1035544303 285476
1035572528 285476
1035632278 285502
1035633705 285506
1035737139 285636
1035741365 285646
1035772730 285665
1035834422 285678
1035879743 285654
1035883538 285665
1035884329 286687
1035886464 286693
1035891279 286712
1035891401 286712
1036021522 286719
1036052338 286724
1036060101 286877
1036100355 287113
1036128360 287119
1036170623 287292
1036174143 287362
1036175425 287394
1036206150 287604
1036374181 287775
1036403430 287842
1036403572 287784
1036409449 288125
1036411754 288132
1036412427 288148
1036419266 288264
1036443566 288269
1036499429 288281
1036578616 288281
1036621289 288578
1036663944 288602
1036665138 288609
1036673128 288624
1036673457 288627
1036675144 288644
1036682840 288653
1036797716 288794
1036833290 289458
1036839291 289488
1036855131 289509
1036864647 289551
1036878610 290000
1036885086 290066
1036958229 290163
1036966165 290227
1036966276 290223
1036967615 290462
1036970771 290463
1037007501 290469
1037018696 290593
1037032354 290620
1037053192 290825
1037055438 290826
1037091235 290802
1037098766 290977
1037106034 291024
1037175205 291137
1037200942 291384
1037227062 291515
1037230228 291644
1037239634 291771
1037278972 291775
1037279781 291985
1037281164 291988
1037281222 291987
1037288289 292041
1037305097 292204
1037315665 292338
1037351824 292344
1037353112 292376
1037356038 292508
1037357183 292563
1037358902 292575
1037363226 292580
1037395292 292580
1037422490 292624
1037433975 292775
1037454732 293155
1037467880 293172
1037513667 293201
1037616074 293220
1037649421 293224
1037701392 293236
1037702763 293230
1037752989 293290
1037789535 293294
1037951306 294214
1038203857 294415
1038237010 294478
1038260176 294495
1038302512 294540
1038319005 294549
1038480468 294564
1038538125 294446
1038544635 296150
1038549907 296181
1038574241 296186
1038578087 296193
1038585630 296257
1038585649 296254
1038586869 296307
1038586914 296309
1038588047 296356
1038590279 296356
1038590892 296379
1038609084 296417
1038613505 296422
1038614598 296436
1038614662 296436
1038698792 296443
1038758515 296447
1038780423 296466
1038816265 296449
1038820257 296454
1038828921 296428
1038833045 296437
1038833478 296442
1038833788 296444
1038834025 296444
1038834123 296444
1038834450 296444
1038835603 296452
1038855172 296457
1038894612 296720
1038909891 296714
1039085558 296717
1039085580 296722
1039163007 297100
1039307681 297116
1039352628 297228
1039536135 297285
1039542415 297289
1039551616 297293
1039621104 297299
1039674124 297422
1039692244 297430
1039693979 297450
1039757042 297465
1039879555 297476
1040038535 297490
1040052253 298643
1040172173 298660
1040280053 299286
1040369348 299339
1040509114 299600
1040583554 299604
1040614011 299619
1040717058 299858
1040915830 299954
1041033619 300346
1041041047 300356
1041279384 300962
1041281080 300966
1041281154 301310
1041285139 301438
1041320717 301549
1041325365 301556
1041333522 301560
1041349182 301599
1041357367 301604
1041487438 301693
1041494470 301847
1041495803 301848
1041499517 301880
1041508878 301944
1041572312 301969
1041577053 301758
1041585903 301763
1041754910 301786
1041883696 301936
1041884886 301925
1041973401 301896
1042316909 301962
1042335942 301970
1042380582 301972
1042398469 303608
1042430817 303774
1042615204 303773
1042721546 303785
1042722013 303785
1042912778 303790
1042918730 303819
1043054832 303840
1043056833 303860
1043073578 303869
1043106752 303873
1043416462 303878
1043419094 303924
1043442589 303928
1043573453 304431
1043657031 304446
1043838304 304485
1043910942 304493
1043911693 304494
1044111994 304498
1044271092 304503
1044470691 304508
1044494538 304526
1044565265 304545
1044731074 304555
1044815124 304564
1044991757 304083
1045144131 304097
1045159094 304099
1045169560 304104
1045322210 304109
1045364114 304120
1045402006 304125
1045499659 304140
1045513511 304167
1045811813 304186
1045813369 304192
1045865778 304197
1045940947 304203
1045966973 304205
1046024788 304221
1046097906 304219
1046106938 304219
1046157523 304219
1046173939 304247
1046189772 304244
1046203936 304247
1046240573 304436
1046257527 304440
1046320169 304450
1046423694 304455
1046423755 304463
1046427038 304478
1046427609 304483
1046427792 304491
1046468395 304557
1046551907 304564
1046639634 304571
1046650064 304649
1046654372 304671
1047251785 304644
1047258782 304651
1047265142 304652
1047372884 304655
1047375255 304670
1047375340 304670
1047424447 304676
1047424693 304681
1047427251 304690
1047427753 304691
1047458496 304703
1047464225 304704
1047507776 304982
1047556605 304994
1047556634 304999
1047590035 305094
1047590450 305073
1047600449 305168
1047631317 305171
1047690515 305202
1047724927 305221
1047745090 305323
1047813914 305369
1047856663 305362
1048035906 305403
1048298484 305434
1048883323 305434
1048884784 305441
1048885933 305445
1048889997 305453
1048890527 305502
1048896571 305502
1048898628 305503
1048899929 305512
1048901820 305507
1048902465 305511
1049417286 305537
1049439969 305542
1049470343 305494
1049553521 305498
1049602976 305506
1049672634 305504
1049675579 305541
1049715650 305546
1049793421 305553
1049955496 305796
1050244270 305909
1050309398 305975
1050319770 307035
1050369846 307070
1050419059 307148
1050435583 307234
1050457243 307284
1050457917 307284
1050481768 307352
1050516421 307361
1050622952 307390
1050721262 307403
1050759048 307458
1050759321 307454
1050764460 307445
1050918860 307448
1050918891 307448
1050977932 307468
1051040600 307523
1051095504 307531
1051100265 307570
1051108451 307576
1051136397 307623
1051193013 307746
1051203567 307750
1051255260 307741
1051255716 307746
1051258967 307764
1051259016 307764
1051264998 307783
1051316111 307793
1051375896 308096
1051385675 308188
1051391117 308212
1051395228 308229
1051401852 308237
1051406683 308250
1051458739 308274
1051516294 308327
1051525971 308333
1051528429 308335
1051649402 308364
1051700840 308367
1051704982 308378
1051840412 308383
1051946734 308388
1052065788 308388
1052069366 308394
1052138196 308392
1052211848 308413
1052297453 308419
1052347481 308452
1052374033 308464
1052468088 308464
1053281534 309017
1053331449 309038
1053423562 309270
1053424720 309272
1053509461 309273
1053557938 310268
1053572276 311265
1053585856 311265
1053589166 311272
1053598890 311285
1053605957 311310
1053625110 311316
1053696869 311326
1053797287 311351
1053803549 311330
1053805475 311350
1053865479 311355
1053918232 311362
1053933514 311380
1053944661 311414
1053991528 311446
1053995820 311485
1054129911 311633
1054226183 311639
1054246175 311638
1054331533 311715
1054333123 312451
1054337045 312452
1054340582 312452
1054350096 312457
1054399902 314188
1054538139 314200
1054630722 314207
1054661727 314238
1054668151 314243
1054717091 314256
1054821621 314261
1054893561 314387
1054907093 314391
1054914244 314397
1054931267 314405
1055146311 314408
1055165649 314417
1055203216 314654
1055236694 314667
1055243966 314676
1055494170 314675
1055535293 314765
1055567092 314792
1055640999 314951
1055695949 314993
1055837251 314998
1055905325 315008
1056040925 315172
1056041048 314923
1056059072 314950
1056436882 314972
1056720574 314988
1056894216 315063
1056897445 315089
1056916402 313554
1056916424 313640
1056916922 313641
1056937111 313644
1056960363 313657
1056960382 313654
1056984257 313728
1056999829 313735
1057012832 313747
1057015960 313749
1057036414 313758
1057046855 313749
1057089372 314063
1057090483 314024
1057090874 314032
1057123090 314033
1057169638 314054
1057369066 314358
1057398717 314363
1057409049 314425
1057409290 314430
1057436185 314680
1057448775 315214
1057469342 315219
1057485714 315231
1057493696 315285
1057502046 315506
1057518845 315781
1057579549 315835
1057616540 315848
1057684167 315844
1057686116 316027
1057686518 316031
1057691179 316089
1057694660 316284
1057698946 316289
1057736060 316183
1057741853 316204
1057743123 316210
1057743867 316218
1057745368 316223
1057746297 316224
1057746449 316224
1057746614 316231
1057775452 316254
1057787815 316587
1057794507 316590
1057921231 316590
1058119144 316597
1058223836 316624
1058346640 316875
1058387627 316894
1058769097 316993
1058821964 317001
1058822197 317002
1058875918 317002
1058957141 317022
1058962613 317069
1059027095 317075
1059238743 317290
1059382378 317294
1059401260 317298
1059414100 317378
1059493183 317379
1059493280 317382
1059493321 317378
1060090887 317613
1060161096 317624
1060239039 317629
1060248867 319912
1060272633 319915
1060277007 320134
1060277109 320135
1060336656 320145
1060363158 320148
1060437398 320160
1060850900 320313
1061612863 320419
1061794028 320629
1061989165 320654
1061991424 320687
1062102373 320787
1062360751 320792
1062411419 320829
1062422811 320936
1062499724 320951
1062501316 320949
1062583582 320954
1062597710 320990
1062616606 320997
1062618655 321003
1062658122 321016
1062788265 321031
1062791554 321062
1062845097 321081
1063093783 321081
1063144431 321086
1063614682 321088
1063614794 321088
1064308392 321889
1064308580 321889
1064314455 320574
1064316820 319163
1064324944 319168
1064394920 319241
1064478088 319284
1064480142 319283
1064733285 319323
1064733424 319323
1065830922 319355
1066119465 319355
1066178068 319956
1066951558 319974
1067047571 320006
1067050800 320370
1067199561 320957
1067200165 321103
1067393255 321682
1067606317 321693
1067630524 321871
1067631473 321874
1067647900 321884
1067744519 321924
1067792683 322014
1067804378 322013
1067881280 322079
1068200390 322097
1068212417 322098
1068589356 322123
1068610404 322142
1068672461 322189
1068836115 322238
1068859956 322257
1069059823 322257
1069063819 322258
1070133258 322088
1070539620 322131
1070924091 322273
1070926001 322275
1070927258 322278
1071101342 322305
1071134393 322305
1071186907 322332
1071217453 322334
1071552931 322360
1071553155 322363
1071599982 322363
1071613046 322395
1071737821 322400
1072958489 322418
1073219970 322424
1073220876 322427
1073397900 322441
1073397936 322444
1073901310 322459
1073996210 322447
1074359116 322455
1074762963 322455
1074984706 322464
1074986420 322470
1075107671 322474
1075334878 322493
1075587987 322535
1075813040 322625
1075921355 322880
1075921809 322882
1075991214 322899
1075993400 322901
1076855471 322941
1076925089 322942
1076926709 322953
1076928606 322980
1076939158 323035
1077023486 323041
1077027425 323036
1077183360 323098
1077532041 323119
1077806434 323124
1077971500 323129
1077971661 323129
1078226372 323165
1078226448 323152
1078229073 323129
1078229371 323131
1078231655 323139
1078245194 323143
1078533020 323167
1079358532 323202
1079358783 323207
1079360000 323375
1079360012 323374
1079365996 323377
1079427295 323569
1079534572 323820
1079542630 323940
1079542670 323940
1079689817 324006
1079707559 324012
1079707757 324015
1079712823 324028
1079713942 324058
1079714394 324067
1080637507 324112
1080650084 324152
1080650257 324153
1080661727 324153
1080662989 324173
1080718116 324126
1080729583 324126
1080907773 324190
1080908084 324192
1081169429 324199
1081413837 324199
1081510970 324208
1081938739 324344
1081940645 324365
1082250059 324365
1082456687 324371
1082549798 324388
1082588689 324463
1082833993 324475
1083268515 324491
1083390799 324508
1083412736 324570
1083803851 324572
1083845335 324576
1084107595 324622
1084867385 324626
1084882537 324638
1085329223 325222
1085559924 325227
1085732494 325234
1085823822 325257
1085824782 325266
1085925948 325315
1085926205 325323
1085934380 325329
1086034763 325731
1086088683 325736
1086090175 325734
1086090414 325740
1086170585 325750
1086171306 325745
1086266604 325836
1086410336 325890
1086616429 326038
1086716451 326045
1086791653 326087
1086964318 326092
1087145358 326126
1087486967 326136
1087831527 326136
1088125523 326264
1088256351 326285
1088345254 326295
1088509457 326295
1088532355 326334
1088547403 326452
1088561987 326459
1088645115 326566
1088684523 326573
1088692462 326828
1088695031 326885
1088731773 326906
1088732074 326904
1088770826 326912
1089038538 327009
1089106450 327005
1089119104 327054
1089281289 327128
1089298455 327133
1089388004 327045
1089450805 327122
1089480944 327321
1089489801 327328
1089527214 327416
1089558281 327418
1089561901 327430
1089598299 327436
1089598989 327620
1089605703 327652
1089635777 327653
1089641042 327657
1089713279 327694
1089724864 327791
1089818171 327681
1089886743 327731
1089897148 327746
1089904388 327758
1089909007 327763
1089974695 327815
1090247269 327875
1090331522 327912
1090922409 327948
1090922459 327942
1091428828 327890
1091821374 327900
1091911570 327924
1092001902 327939
1092126133 327942
1092143651 328036
1092945389 328041
1092994275 328084
1093422475 328095
1093485382 328177
1093513242 328240
1093565105 328244
1093853688 328378
1093854209 328381
1093948103 328427
1094044367 328431
1094046293 328440
1094050517 328512
1094050811 328511
1094180537 328544
1094194431 328609
1094199741 328614
1094297163 328713
1094465338 328718
1094466673 328721
1094468380 328729
1094634155 328764
1094848125 328797
1094848174 328799
1095469208 328818
1096040947 328823
1096282119 328964
1096282331 328973
1096282451 328991
1096556524 328988
1096561289 329052
1096562200 329061
1096563106 329099
1096566352 329356
1096569356 329421
1096716266 329442
1096846877 329469
1096969538 329487
1097022767 329509
1097023141 329462
1097023776 329471
1097086231 329614
1097198649 329647
1097324246 329659
1097454473 329759
1097502576 329763
1097510843 329763
1097573871 329779
1097576418 329783
1097629587 329791
1097691976 329795
1098009510 329811
1098781612 329860
1099312269 329884
1101864993 329901
1102063668 331322
1102331740 331329
1102561769 331351
1102770531 331355
1102776213 331357
1102856765 331393
1103628864 331409
1104994338 331404
1105183434 331411
1105191056 331425
1105365347 331444
1105369164 331439
1106187308 331463
1106187443 331465
1106873128 331480
1107621465 331509
1108200506 331514
1109391309 331518
1109392204 331522
1109490445 331575
1109726524 331582
1110429456 331593
1111118221 331601
1111546057 331605
1113221097 331631
1117745693 331642
1118187942 331651
1118188268 331651
1118227123 331651
1119012275 331659
1120065318 331692
1120551142 331705
1120575833 331736
1120662916 331746
1120856340 331752
1121030982 331756
1121502010 331774
1121502286 331780
1121503364 331788
1121609791 331797
1121774883 331957
1121775806 331962
1121882133 332013
1122621692 332030
1122718081 332195
1122718284 332177
1122818682 332182
1122844754 332184
1122906181 332201
1123105576 332207
1123146784 332338
1123147772 332338
1123147789 332338
1123172740 332452
1123186860 332498
1123234017 332836
1123407596 332846
1123408109 332849
1123529952 332958
1123633431 332966
1123722933 333118
1123846798 333181
1123860287 333187
1123861838 333206
1123863174 333249
1123892119 333382
1123894114 333396
1123969877 333409
1124058631 333434
1124838842 333486
1124916157 333484
1124917121 333530
1124917813 333539
1125022318 333563
1125415452 333614
1125711569 333613
1127051705 333628
1127082537 333631
1127177479 333714
1127252627 333719
1127264113 333845
1127366264 334170
1127644620 334508
1127977788 334597
1127988918 334602
1128077207 334567
1128375650 334574
1129318980 334574
1129382836 334579
1129499139 334592
1129651317 334598
1129663545 334638
1129663837 334643
1129673261 334654
1129703118 334661
1129843682 334679
1129924295 334680
1130093215 334720
1130131189 334725
1130225684 334722
1130226794 334795
1130226825 334675
1130421006 334684
1130421182 334685
1130448785 334699
1130580295 334707
1131239916 335119
1131240018 335228
1131240061 335274
1131240081 335276
1131240146 335282
1131240173 335360
1131240222 335384
1131240298 335428
1131240324 335601
1131240427 335626
1131240570 335685
1131240656 335736
1131240704 335877
1131240732 335989
1131240755 336159
1131240805 336162
1131240849 336208
1131240894 336215
1131240924 336232
1131240976 336241
1131240996 336631
1131241020 336634
1131241036 336586
1131241051 336590
1131369334 336597
1131369385 337259
1131370744 337273
1131406159 337274
1131541200 337276
1131541233 337288
1131736582 337334
1132744591 337343
1133012061 337345
1133012260 337391
1133034793 337403
1133038350 337404
1133042111 337433
1133049580 337439
1133945598 337442
1135159533 337514
1135203547 337514
1135335717 337530
1136125324 337525
1136648213 337495
1136659135 337446
1136659205 337446
1136746788 337446
1136748509 337451
1136762552 337458
1136969477 337459
1137142679 337505
1137231942 337504
1137232106 337504
1137232709 337513
1137233791 337518
1137361551 337984
1137675092 337993
1137748702 337995
1137749226 338004
1138467669 338014
1138528638 338042
1138608677 338066
1138865972 338063
1138866057 338063
1138982486 338070
1138983611 338088
1139019118 338116
1139477484 338126
1139485772 338410
1139486753 338422
1139500886 338397
1139527025 338991
1139574802 339081
1139574924 339076
1139609577 339103
1139620103 339190
1139645747 339226
1139647117 339228
1139648305 339320
1139673033 339389
1139673287 339389
1139673522 339403
1139996392 339408
1140034675 339457
1141299515 339469
1141765705 339510
1142886755 339526
1142930043 339531
1143170375 339677
1143491359 339684
1144189073 339773
1144314502 339812
1144316100 339822
1144317457 339821
1144320752 339825
1144397760 339825
1144875196 339845
1144875320 339854
1144875499 339864
1144938140 339901
1144943542 339934
1144997506 339934
1145179239 339982
1145208352 340006
1145220641 340172
1145256179 340188
1146003835 340254
1147207589 340276
1147349085 340299
1148666012 340300
1148737578 340304
1148794964 340317
1148858477 340321
1149052887 340340
1149202546 340340
1149208060 340376
1149208336 340374
1149363441 340358
1149376756 340365
1149380365 340391
1149658483 340391
1149841143 340467
1150356031 340480
1150356055 340482
1151149932 340540
1152094099 340547
1152114353 340554
1152220111 340524
1152298636 340303
1152315271 340298
1152359289 340291
1152363807 340298
1152399321 340298
1152448456 340314
1152448916 340315
1152611812 340323
1152612291 340354
1152628714 340404
1152630969 340532
1152646736 340538
1152657845 340543
1152667375 340563
1152692846 340601
1152692869 340601
1152710891 340607
1152710911 340700
1152770422 340705
1152773827 340687
1152774435 340690
1152779990 340700
1152782258 340718
1152802516 340727
1152803538 340720
1152803593 340721
1152828414 340728
1152864515 340728
1152868494 340738
1152869922 340741
1152889162 340746
1152910488 340749
1152916203 341116
1153047005 341125
1153048300 341154
1153060445 340878
1153065586 340878
1153151494 340897
1153161855 340905
1153167869 340913
1153168830 340923
1153341207 340967
1153342078 340980
1153823783 340995
1153832149 340997
1153837439 340990
1153839458 340998
1154162947 340995
1154205814 340989
1154205853 340992
1154207518 341007
1154340965 341013
1154867765 341047
1154966896 341065
1155062589 341078
1155112309 341105
1155124248 341196
1155130206 341206
1155155772 341228
1155157273 341228
1155160079 341242
1155161976 341243
1155201888 341277
1156590303 341271
1156593781 341282
1156856547 341290
1156860426 341296
1156877124 341317
1157024216 341357
1157402375 341212
1157402851 341211
1158002226 341199
1158002675 341212
1158091800 341214
1158091842 341221
1158094289 341226
1158341743 341244
1158489636 341275
1158703795 341496
1160206060 343672
1160260238 343677
1160720490 343682
1161570408 343682
1163471166 343687
1164003693 343687
1164046080 343692
1164484042 343702
1164486404 343702
1164506458 343708
1165594077 343772
1165614680 343785
1165620516 343797
1165656055 343803
1165668189 343834
1165669281 343847
1165755878 343886
1166478169 343891
1166482105 343895
1166719138 344011
1166721684 344011
1166780141 344085
1166780279 344087
1166784237 344086
1166784316 344107
1166980553 344135
1167236316 344434
1167238694 344437
1167242868 344438
1167242899 344443
1167258421 344456
1167258457 344456
1167339347 344463
1167341338 344468
1167341493 344474
1167342879 344479
1167344789 344544
1167344991 344695
1167345079 344696
1167345314 344657
1167345844 344655
1167347541 344655
1167348347 344655
1167348494 344657
1167377679 344667
1167390308 344676
1167391400 344677
1167391750 344683
1167422522 344718
1167429383 345009
1167486433 345031
1167488520 345036
1167491224 345035
1167495158 345038
1167495414 345036
1167504129 345041
1167525578 345040
1167552147 345067
1167572871 345082
1167656322 345331
1167658535 345331
1167684084 345320
1167702350 345345
1167763691 345353
1167824817 345445
1167836063 345450
1167895968 345452
1167896492 345468
1167936225 345473
1168012574 345494
1168018221 345510
1168084901 345555
1168120688 345562
1168122113 345491
1168176845 345574
1168177653 345559
1168177695 345626
1168178984 345628
1168179065 345646
1168179102 345648
1168180547 345654
1168187139 345681
1168211279 345700
1168221936 345700
1168338372 345707
1168344047 345716
1168371689 345759
1168381089 345767
1168389267 345851
1168420202 345858
1168441560 345863
1168442767 345873
1168444519 345873
1168448143 345971
1168448970 346024
1168451764 346047
1168460258 346045
1168673566 346129
1168675733 346132
1168682551 346132
1168682890 346173
1168682956 346173
1168684098 346181
1168694193 346284
1168695411 346284
1168696636 346325
1168700834 346528
1168702446 346544
1168716393 346564
1168716624 346544
1168729501 346555
1168732083 346560
1168732891 346582
1168733100 346562
1168737720 346813
1168768322 346930
1168770982 346952
1168788705 346987
1168790582 346993
1168794109 347000
1168795210 347004
1168797448 347059
1168798358 347053
1168799695 347056
1168800678 347062
1168801955 347090
1168804214 347096
1168808265 347052
1168826963 347049
1168848673 347091
1168851935 347125
1168852839 347128
1168853881 347136
1168873755 347148
1168905486 347153
1168906912 347240
1168907654 347240
1168938039 347247
1169067488 347244
1169195475 347251
1169199747 347437
1169200535 347443
1169202023 347454
1169202466 347456
1169203572 347589
1169247257 347598
1169252225 347608
1169252362 347608
1169268692 347612
1169292980 347586
1169293602 347594
1169294148 347600
1169296381 347676
1169299903 347663
1169305035 347757
1169305187 347754
1169305822 347775
1169305860 347775
1169306324 347775
1169307569 347777
1169389583 347801
1169391848 347780
1169687108 347788
1169757243 347847
1169819865 347856
1169821650 347924
1169848088 347958
1169848562 347963
1169854679 347997
1169886642 348000
1169886960 347994
1169886989 348000
1169897335 348208
1169897595 349134
1169897942 349195
1169898675 349305
1169899027 349260
1169903925 349263
1169942556 349288
1169998165 350067
1169998720 350096
1169998840 350106
1170000078 350126
1170016813 350133
1170021618 350164
1170021824 350172
1170021896 350170
1170022371 350309
1170188315 350316
1170193634 350320
1170195638 350334
1170196784 350334
1170283799 350364
1170286279 350368
1170287226 350371
1170357393 350390
1170601829 350377
1170601924 350498
1170620729 350510
1170621647 350513
1170625665 350526
1170630607 350936
1170631831 350943
1170801721 350952
1170834866 350966
1170971139 350972
1173503685 432876
1173506110 432894
1173566266 432900
1173583311 432904
1173608005 433173
1173614300 433251
1173873394 433272
1174159176 433271
1174165274 433287
1175997222 433290
1176909627 433325
1176940569 433327
1177006547 433322
1177639111 433329
1177841462 433363
1178072639 433384
1178086619 433391
1178699067 433388
1178803350 433390
1178805903 433390
1178810583 433506
1178981288 433963
1179042404 433973
1180292290 434009
1180823275 434061
1180859653 434071
1180862914 434193
1180877286 434215
1181204897 434227
1181246992 434386
1181281801 434392
1181298489 434428
1181340370 434857
1181382400 434824
1181395929 435380
1181397458 435381
1181401161 435509
1181502446 435572
1181777747 435577
1181941660 435616
1181997525 436301
1182327899 436308
1182432470 436312
1183447294 436311
1183447658 436333
1183573984 436334
1183705966 436336
1183724693 436336
1183845259 436360
1183891095 436366
1184136629 436366
1184231756 436431
1184238203 436507
1184238590 436507
1184240084 436521
1184251396 436534
1184255418 436551
1184489865 436512
1184490345 436539
1184490568 436470
1184500104 436471
1184501542 436456
1184502468 436535
1184503179 436694
1184504335 436736
1184525398 436741
1184539939 436745
1184575550 436751
1184597770 436751
1184598434 437118
1184599277 437127
1184659603 437129
1184796350 437140
1184796951 437141
1184828993 437202
1184830573 437210
1184837420 437222
1184841740 437248
1185109793 437337
1185112846 437352
1185126894 437363
1185145310 437356
1185266124 437345
1185293690 437444
1185392450 437467
1185392536 437469
1185436842 437566
1185441782 437581
1185615445 437588
1185874215 437597
1185874276 437593
1185887953 437599
1185903831 437599
1186002151 437621
1186302316 437626
1186302934 437626
1186305012 437659
1186305075 437665
1186311931 437680
1186322131 437709
1186323221 437715
1186325823 437893
1186346950 437943
1186348648 437937
1186349666 437942
1186349777 437942
1186349829 437946
1186350455 437957
1186351150 437961
1186352361 437964
1186355105 437995
1186355254 437999
1186355540 438005
1186356110 438010
1186364802 438018
1186365314 438015
1186388359 438016
1186392094 438019
1186394527 437989
1186395156 437970
1186398952 437957
1186399960 437958
1186427777 437964
1186439043 438091
1186481465 438107
1186494393 438137
1186517862 438324
1186522335 438327
1186535955 438332
1186538945 438338
1186862823 438338
1186866451 438343
1186967647 438348
1187179142 438352
1187188071 438360
1187255893 438376
1187256877 438381
1187291976 438388
1187301921 438399
1187304485 438440
1187306240 438439
1187366098 438444
1187370123 438463
1187390209 438487
1187522131 438479
1187542881 438482
1187559819 438475
1187688356 438480
1187688400 438511
1187692644 438511
1187700399 438547
1187852498 438550
1188288171 438555
1188288219 438555
1188305512 438620
1188312229 438635
1188320894 438673
1188320908 438679
1188338148 438681
1188338374 438696
1188387560 438702
1188389660 438708
1188390901 438722
1188454174 426072
1188471228 426077
1188641679 426082
1188641795 426086
1188642266 426171
1188642514 426120
1188642694 426123
1188643456 426131
1188673793 426138
1188932248 426142
1189536537 426149
1189809815 426152
1191323836 426181
1191614274 426186
1191662228 426197
1191662256 426197
1191810600 426199
1192988016 426215
1195300076 426550
1195806873 426572
1195807751 426586
1195809945 426596
1195809975 426598
1195812774 426643
1195920674 426650
1195921088 426680
1195921931 426688
1196713343 426744
1197053541 426751
1199736348 426759
1199736458 426755
1199736487 426758
1199746492 426779
1199782897 426784
1199788260 426787
1199790829 426798
1199874096 426811
1199874964 426814
1200960727 426820
1201332512 426897
1201682519 426901
1201682588 426901
1201727915 426939
1201770585 426939
1201816920 426971
1202080339 427008
1202081765 427089
1202121563 427090
1202175441 427108
1202245486 427211
1202290607 427217
1202392963 427223
1202393752 427247
1202395175 427248
1202543483 427256
1202555957 427247
1202584267 427323
1202646034 427311
1202823398 427301
1202825595 427299
1204035997 427308
1204036508 427314
1204036884 427322
1204302277 427333
1205079350 427338
1205515362 427462
1205839785 427487
1206083737 427495
1206868979 427508
1207389370 427524
1207389765 427545
1210137622 427544
1210144828 427552
1214136270 427575
1218045328 427584
1218108697 427605
1218195841 427611
1218196216 427616
1218197543 427619
1218266908 427616
1218267003 427626
1218267078 427628
1218561546 427639
1223159721 427681
1224417852 427704
1224418888 427703
1226092551 427707
1227914967 427733
1230643960 427748
1232493116 427748
1232493526 427748
1232587936 427809
1234089243 427820
1234089332 427828
1234090728 427817
1234090905 427883
1234386728 427883
1235077562 427914
1235254689 428045
1235261927 428053
1235264100 428069
1235299307 428076
1235337799 428091
1235337888 428287
1235423306 428293
1235423702 428326
1235426114 428334
1235778034 428349
1236693289 428366
1236694872 428372
1236711344 428381
1236713451 428390
1236884495 428413
1237309755 428582
1237317427 428420
1237317479 428422
1237347039 428422
1237402168 428430
1237403100 428456
1237404410 428464
1237675708 428787
1237727696 428632
1243278631 429617
1243401870 429617
1245879509 429617
1245880384 429628
1246481276 429638
1246484725 429647
1246826293 429697
1246878072 429705
1247067718 429722
1247080671 430093
1247200235 430103
1247200780 430105
1247216881 430178
1247218488 430175
1249225448 430248
1249334007 430252
1249334290 430259
1249376482 430261
1249504323 430251
1249504378 430251
1249823729 430262
1250703196 430411
1250748666 430415
1250956702 430421
1251242828 430441
1251278902 430460
1251282111 430488
1251458668 430496
1253430643 430499
1253433853 430503
1259969725 430503
1259970308 430508
1260654523 430538
1261185740 430555
1261186074 430556
1261186977 430562
1261855393 431103
1261857053 431111
1262212943 431138
1262280947 431182
1262281496 431185
1262312602 431190
1262375897 431236
1262376198 431246
1262382080 431254
1262432664 431274
1262433869 431282
1262454544 431297
1262486372 431306
1262520528 431326
1262545244 431333
1262546081 431343
1262547416 431358
1262600092 431369
1262606013 431371
1262606438 431376
1262683315 431388
1262690765 431409
1262717278 431415
1262720079 431426
1262730977 431429
1262790953 431433
1262903004 431474
1265488866 431510
1266268871 431513
1266847291 431520
1266847317 431521
1266847441 431521
1266847906 431522
1267133679 431532
1267193814 431541
1267319496 431552
1267320121 431554
1270260067 431564
1270260763 431569
1270262360 431588
1270315494 431598
1270318206 432019
1270335713 432029
1270338109 432038
1270339118 432042
1271588691 432061
1272124835 432069
1272125820 432079
1272473722 432076
1272489151 432078
1273364751 432083
1273426060 432068
1273426800 432081
1273704304 432093
1273753106 432097
1273754711 432108
1274547364 432118
1274860664 432138
1276425524 432133
1276462183 432142
1276463621 432155
1279270487 432160
1280348713 432175
1280350516 432183
1281134119 432199
1281211341 432203
1281357011 432213
1281358482 432228
1281969787 432240
1283230641 432266
1283238306 432282
1284496967 432293
1284642951 432296
1284646791 432296
1286639488 432370
1287118939 432387
1289569487 432393
1291504950 432397
1292796983 432417
1293232152 432927
1293295047 432957
1293497130 432955
1293509077 433012
1293570081 433408
1294515356 433429
1296322940 433463
1297720253 433484
1299029583 433496
1299361334 433504
1301190375 433511
1301771896 433519
1301994325 433524
1302431391 433502
1302461238 433511
1302471771 433458
1302474337 433472
1302863030 433654
1302868621 433665
1302870578 433677
1302871117 433503
1302872244 433510
1302985481 433518
1302985783 433512
1302986083 433519
1302988309 433523
1303178697 433528
1303269196 433536
1303956990 433532
1304078750 433537
1304799729 433588
1307205056 433594
1307393317 433612
1307752076 433644
1310950878 433741
1311509594 433745
1311594868 433807
1311594986 433807
1312628477 433819
1312631109 433823
1312650593 433834
1312670844 433718
1313426608 434042
1313446677 434279
1313925562 434284
1314482288 434293
1314491824 434343
1314548932 434391
1314548960 434393
1314567025 434397
1314664743 434414
1315694847 434445
1316375490 434448
1317157958 434480
1317160422 434489
1317405428 434516
1317405993 434517
1317406594 434533
1318666808 434551
1318668247 435131
1318674924 435155
1318763320 435167
1320694278 435173
1320694576 435183
1322309259 435179
1323650551 435191
1324334259 435199
1324860829 435424
1324860834 435429
1324860838 435440
1324860842 435440
1324860847 435480
1324860852 435474
1324860860 435578
1324860914 435580
1325277772 435577
1325545625 435591
1325549415 435579
1326882713 435586
1326883409 435569
1327616665 435577
1328130876 435579
1328131863 435599
1328132250 435605
1328658282 435610
1329699833 435622
1331886977 435641
1332028372 435658
1332757073 435663
1334396073 435655
1334396445 435659
1334396798 435722
1334919813 435701
1334920440 435717
1335945763 435735
1336137488 435738
1339846841 435770
1340377926 433920
1340591266 433935
1340592279 433940
1340763330 433972
1341017158 433965
1342017931 433628
1342144316 433820
1342730358 433902
1342735975 433911
1342921023 434058
1343403040 434092
1343485417 434100
1343499476 434364
1343499630 434364
1343702262 434468
1345771063 434483
1346637695 434517
1349276378 434535
1350848128 434541
1355754216 434545
1356880997 434553
1357155698 434568
1358658544 434606
1358727060 434616
1358727590 452900
1358843554 452933
1358845289 452949
1358845438 452953
1358960437 452958
1359932367 452962
1359933969 452962
1360018060 452970
1360057233 452978
1361495144 453572
1365105541 453576
1365900027 453596
1365900122 453598
1366124006 453591
1366124136 453597
1366196614 453603
1366873332 453603
1366873447 453606
1366873500 453608
1366873547 453608
1366873705 453636
1366873742 453643
1366873776 453752
1366873806 453761
1366874051 453763
1367460621 454351
1367938354 454364
1371017904 454364
1371018184 454372
1371022176 454372
1371022206 454437
1371101054 454454
1371196751 454453
1371196805 454442
1371196851 454442
1371196868 454456
1371196881 454448
1371196911 454460
1371518609 454811
1371592736 454811
1372072079 454820
1377229225 454991
1379347018 455003
1382491406 455008
1382640857 455078
1382643351 455093
1382644024 455375
1382647510 455396
1382648240 455412
1382734384 456334
1384017649 456346
1386972592 456352
1387417291 456393
1389025082 456406
1389623438 456419
1390214263 456425
1392180352 456441
1393361777 456449
1393622489 456467
1393704815 456576
1396922625 456580
1398462479 456586
1398463815 456586
1403975687 456661
1404511063 456712
1405020333 456718
1406834686 456732
1406872062 456729
1406876200 456734
1407140435 456768
1407140485 456757
1407679717 456762
1407755010 456763
1407790268 456848
1407883311 456853
1407886213 456877
1407959973 456963
1407960036 456963
1407962533 457001
1408181384 457011
1408279540 457015
1408279936 457023
1408567895 457030
1408568610 457031
1408795262 457037
1408842722 457044
1408874828 457046
1409228948 457056
1409231256 457056
1409340991 457062
1409689774 457068
1409692773 457118
1409693533 457123
1410296246 457124
1410296656 457121
1410307181 457137
1410470371 457109
1410701227 457183
1410704718 457185
1410704740 457191
1410704803 457185
1410705330 457202
1410735292 457202
1410735315 457217
1410801395 457467
1410801816 457217
1410802207 457217
1410804259 457223
1410804310 457267
1410804348 457368
1410804368 457390
1410820261 457395
1411150703 457408
1411158250 457409
1411172938 457602
1411212346 457621
1411213315 457675
1411221591 457716
1411221621 457759
1411221648 457770
1411221935 457831
1411223230 457838
1411226462 457966
1411226725 457980
1411234274 457987
1411245375 457998
1411245435 458050
1411245914 458050
1411312558 458062
1416000501 458068
1416000567 458071
1419587670 458080
1419724820 458088
1419810935 458093
1434654482 458104
1447118522 458109
1457557275 458109
1458422862 458109
1458605467 458109
1458657842 458137
1458657896 458137
1458658314 458128
1458658428 458131
1458658529 458125
1458863938 458125
1459464849 458129
1459631825 458137
1463573575 458131
1463663769 458150
1463749796 458179
1463961372 458236
1464633496 458274
1468142307 458277
1471091690 458263
1477163442 458292
1477220691 458301
1477225768 458311
1477240100 459549
1477354892 458336
1477418757 458334
1477418778 458341
1477581045 458326
1477785927 458567
1477850417 458568
1477870852 459550
1477876888 459549
1477975378 459549
1477988519 459501
1478467687 459180
1479686695 459076
1482887146 459091
1482889348 459180
1482889374 459199
1482890544 459180
1482890824 459209
1482890974 459082
1482892473 459091
1488381197 459163
1488386174 459188
1488387646 459191
1488388448 459191
1488388539 459196
1488388589 459195
